100226
101510
101570
1016998
10228
10261
10273
102897
10298
10310
10317
10320
10325
10345
10359
10366
103690
10372
104760
105559
106284
106370
10678
10679
10710
10742
10747
10760
10761
10868
10870
109269
110662
111874
112023
114416
114615
1148
115713
118168
11819
120574
12208
12215
122586
123214
12336
12390
12402
12417
126740
126793
1285600
130310
13368
136089
137722
138119
139870
139871
139872
141716
1436140
146269
146891
148603
148634
148943
150340
151534
151536
151537
155148
155905
155919
156578
156889
157924
159087
159254
160070
160488
160619
161528
161544
162145
163164
164328
164513
164757
165597
167539
167542
167546
167555
167879
169683
173443
176275
176279
176299
176652
177437
177439
178306
180281
180504
186153
186497
187272
187420
188763
188937
190192
190304
190486
192222
192952
194439
194802
194966
195099
195102
195103
196162
196164
196242
196600
197221
198214
198538
198804
203122
203124
203267
203907
204536
204669
204773
205874
205918
205920
205922
207559
207949
209882
2110
211110
212042
212717
213769
213775
214684
214688
215158
216432
216591
216592
216594
216595
216596
218491
218495
218497
219305
219704
220664
220668
221029
221109
221988
222523
222885
222891
223283
2242
224324
224325
224911
224915
225849
225979
226185
226186
226900
227086
227321
227470
227882
227940
227941
228399
228400
228405
228410
228908
229193
229533
230158
232721
233412
234267
235201
235279
235909
236097
237561
240015
240016
240292
243090
243159
243161
243164
243230
243232
243233
243243
243265
243272
243274
243275
243365
244592
245685
246194
246195
246196
246197
246200
247156
247633
247634
247639
249151
251221
252305
254945
255431
255470
257309
257310
257311
257313
257363
259536
259564
260372
260827
262071
262489
262543
262698
262722
262723
262724
262768
262968
263820
264198
264201
264202
264462
264730
264731
264732
265072
265311
266117
266264
266265
266779
266834
266835
266940
267377
267410
267608
267748
269084
269482
269484
269796
269797
269798
269799
269800
269801
270374
272129
272557
272558
272562
272568
272569
272623
272626
272630
272631
272632
272633
272634
272635
272843
272844
272942
272943
272944
272947
272951
273057
273063
273068
273075
273116
273121
273123
2762
2771
278197
2787
2788
279010
279238
279281
279303
279383
279714
279808
280699
281090
281492
281689
2829
28304
283165
283166
28321
283643
2839
283942
284590
284591
284592
284593
284811
284812
284813
285951
287752
2880
288000
2885
288681
288705
289376
2898
2903
290315
290317
290318
290338
290339
290340
290398
290399
290400
290402
290434
290512
290633
290847
291112
291272
292414
292415
292459
292805
293613
293614
293826
295319
295405
296543
296587
296591
298386
2986
298653
300269
3039
304371
3055
306254
306263
306264
306323
306901
3074
307467
3077
3088
309798
309799
309800
309801
309803
309807
310750
3111
311424
312153
31312
313596
313606
313612
313624
313627
313628
314225
314230
314253
314262
314266
314267
314270
314276
314287
314289
314292
314315
314565
314607
314608
314723
314724
31532
31537
315456
315730
315749
31604
316055
316056
316057
316058
316067
316273
316274
316278
316279
317025
31754
317655
318161
318167
319225
319795
320122
320374
320432
320483
32049
32051
320771
320840
320850
321314
321327
321332
321614
321955
322019
322098
322104
322159
322710
323097
323098
323259
323561
323848
323850
324602
324925
326037
326297
326298
326423
326424
326427
329381
329726
329884
330214
330779
330879
331627
331678
331869
332054
333668
333849
333990
334380
334390
334413
335283
335284
335541
335543
33653
338187
338473
338963
338966
338969
339671
339854
339860
340047
340099
340100
340102
340177
340322
340907
34116
341663
342108
342110
342451
342610
342613
342614
342615
342616
342617
343509
344609
344747
345073
345074
347255
347256
347257
348058
348780
349106
349123
349124
349161
349163
349307
349519
349521
349741
349965
349966
349967
349968
350054
350058
350688
350701
350703
351016
351160
351348
351605
351607
351627
351745
351746
352165
35241
35244
352472
35250
353152
353154
35345
354260
355276
355278
357244
357804
357808
357809
358681
360094
360095
360104
360105
360107
360109
360112
36033
360910
360911
361072
361100
362242
362976
363253
36329
36343
363555
36363
365044
365659
366394
366602
367737
36809
368407
368408
36870
36894
369723
370438
370554
371731
372457
372461
373406
373414
373665
373903
374463
374840
374847
375063
375286
375451
37554
37665
376686
376758
37692
377431
377629
378753
378806
379066
379329
379529
379731
379891
380358
380598
380703
380749
381666
381764
382245
382359
382464
382638
382640
383372
383631
384676
384765
386043
386415
387092
387093
387662
388396
388399
388400
388401
388452
388630
388739
388919
390235
390333
390874
391009
391037
391165
391574
391589
391591
391592
391593
391596
391597
391598
391600
391601
391603
391606
391612
391613
391615
391624
391625
391735
391774
391896
391904
392423
392499
392500
393117
393118
393121
393122
393125
393305
393480
393595
394
394221
394503
395019
395491
395495
395960
395961
395962
395963
395965
396034
396513
396595
396596
396597
396598
39717
397945
398511
398577
398578
398579
398580
398767
399549
399550
399599
399726
399739
399741
399742
399781
399795
40041
400667
400673
400756
401473
401526
401614
401650
401704
402626
402880
402881
403833
404196
404216
404380
404589
405531
405532
405533
405534
405535
405536
405917
405948
40631
406327
406425
406817
406818
409438
410289
410358
410359
411154
411461
411467
411469
411470
411479
411481
411486
411901
411903
412021
412030
412418
412419
412694
412883
412965
412966
413404
413949
41431
414684
414970
415426
416276
416348
416591
416870
417400
41880
419435
419665
419942
420246
420247
420336
420662
423212
425011
425067
425104
425944
426117
426355
426368
427081
427082
427317
427318
42746
429009
43080
431892
431894
431943
431946
431947
432331
434131
434922
435590
435591
436017
436114
436308
436717
43685
438753
439235
439292
439481
439493
439495
439496
439497
439847
439851
43989
440085
440534
44058
441157
441163
441164
441166
441620
441768
441769
441772
442493
443144
443152
443255
443342
443906
444157
444158
444177
444612
445334
445335
445336
445337
44561
445932
445987
446462
446465
446466
446468
446469
446470
446471
446529
447217
447456
448385
449447
450394
450749
450851
451516
451640
451707
451708
451709
451754
451755
451756
452471
452637
452662
452863
453591
454166
454167
45455
455434
455488
455632
456320
456442
457390
457391
457395
457398
457416
457421
457424
457570
458233
458639
458817
459845
46015
46021
460265
464988
465515
465516
465518
465541
465543
465817
466051
466052
467661
467705
469371
469378
469381
469383
469585
469587
469588
469589
469590
469591
469592
469598
469606
469608
469610
469621
471223
471852
471853
471854
471855
471856
471857
471870
472759
473819
475178
47573
4770
477974
478009
478433
4787
478749
478801
479431
479432
479433
479434
479435
479436
479437
479831
480043
480119
480224
481448
481743
482957
484019
48483
484906
485913
485914
485915
485916
485917
485918
486410
487148
487521
487796
487797
488537
488538
491076
491915
491916
492476
494269
495036
496066
496874
497964
498211
498213
498216
498217
498736
498743
498761
498848
499175
49964
500638
500640
5007
501479
504346
504472
504474
504728
504832
5062
508765
508767
509170
509173
509190
511691
511995
512564
513049
51324
51328
51369
51453
515618
515619
515620
515621
515635
516466
51660
517417
517418
518634
518766
519049
519441
519442
519851
520448
520459
520461
520488
520522
520999
521000
521004
521006
521011
521045
521095
521096
521097
521460
521674
522306
522373
52253
522772
523791
523794
523850
525146
525257
525258
525259
525262
525278
525282
525283
525306
525310
525325
525326
525329
525330
525337
525338
525341
525364
525368
525369
525371
525373
525374
525375
525376
525378
525381
525897
525898
525903
525904
525909
525919
526218
526222
526224
526225
526226
526227
527002
527004
527005
527012
527022
527023
527024
527026
527027
527028
527030
527031
527032
528351
52970
529885
530564
531844
5322
533240
533247
535026
535205
535206
535289
536227
536232
536233
537457
537874
537937
537970
537972
538123
543152
543526
543734
544405
544406
544556
544875
545693
545774
546184
546231
546262
546263
546264
546265
546266
546267
546268
546270
546272
546340
546414
546805
547043
547045
547468
547558
547559
5480
548470
548474
548477
548479
548480
550537
550538
550672
550676
550677
550773
551115
551895
552525
552536
552811
5530
553171
553174
553175
553177
553178
553184
553190
553199
553201
553204
553206
553212
553217
553218
553219
553220
553482
553574
553577
553580
553590
553594
553601
555079
555088
55529
555387
555778
555779
556267
556269
556484
557433
55744
557598
557600
557722
558269
55884
559189
559292
559295
559307
55987
55995
55999
561177
561180
561229
561230
561231
56187
562019
562970
563008
563032
563037
563045
563122
563191
563193
563194
563769
564418
564886
565034
565045
565050
565651
565653
565654
565665
566466
566552
56780
568703
568814
572263
572264
572265
572477
572480
572545
572546
572547
573060
573063
573064
573234
573235
573236
573370
573395
573413
573826
574087
574093
574556
5755
575565
575584
575585
575586
575587
575588
575589
575590
575594
575595
575597
575599
575605
575607
575609
575611
575612
575615
575788
575983
5762
576789
576791
579137
580050
580331
580332
58051
582402
582744
582899
583345
583355
583356
583358
585054
5851
585144
585147
585151
585152
585155
585198
585517
585520
585524
585530
585543
585544
586220
588857
589861
589865
589924
590168
590409
590739
591001
591019
591020
591487
59196
592015
592022
592027
593117
593275
593588
59374
59376
595494
595497
595499
596312
596317
596318
596319
596320
596322
596323
596324
596325
596327
596328
596329
596330
59748
598659
59919
59922
600809
604162
604354
60481
608534
608538
610130
6116
621372
622312
622759
62928
629742
62977
630527
63118
632112
632245
632772
633131
633135
633145
633147
633148
633149
633699
634176
634452
634498
634499
634500
634504
635013
63737
637380
637381
637386
637389
637616
637905
637909
637910
637911
637987
637988
638303
638315
639282
639283
640131
640132
640511
64091
641112
641118
641144
641146
641149
641487
64186
641892
642253
643648
644007
644107
644223
644281
644282
644284
644295
64471
64495
645127
645462
645463
645465
645663
646413
647227
649638
649742
649754
65071
65393
653938
655225
655812
655813
655815
656379
656380
658056
658599
66084
661367
661410
661513
662755
663557
663886
663916
665029
666510
666681
666684
66692
667129
668336
669261
671076
673189
673198
673265
673266
673519
674082
674977
675809
675810
675811
675812
675813
675814
675815
675816
675817
67593
679188
679189
679190
679192
679194
679195
679196
679205
679206
679207
679716
679897
679926
680198
680646
680649
681288
682147
682148
682370
683082
683083
683735
683837
684738
684950
685035
686659
686660
687916
687918
69014
690885
691437
693216
693745
694581
698737
699032
699034
699035
699036
699037
699184
699185
699186
699218
699246
701177
702443
702444
702446
702447
702450
703612
70448
70601
707184
707185
707187
707232
710095
710127
712938
712961
713605
713887
714359
714961
714962
714995
716540
716541
716544
718219
718251
722438
72638
742159
74546
74547
747682
748671
748727
749219
749495
749502
749506
749511
749512
749518
749527
749528
749531
749532
749533
749537
749538
749540
749544
749545
749546
749547
749548
749549
749550
749927
752555
75379
754252
757424
759350
759363
759914
76114
761659
762051
762550
762962
765874
76869
768713
768724
768728
77037
78245
784613
78541
791161
791166
795797
79929
83129
84588
85154
85643
859656
859657
861045
862512
862513
862514
862515
862516
862517
862962
864563
864565
864566
864567
864568
864569
864570
871562
871571
876142
87626
882
88274
882884
883
90410
91464
929558
93059
93060
94122
96561
99179
99287
999953
